10 0.000276
10 0.000299
10 0.000368
10 0.000406
10 0.000413
10 0.000415
10 0.000444
10 0.000453
10 0.000457
10 0.00047
10 0.000474
10 0.000478
10 0.00048
10 0.000485
10 0.00051
10 0.000543
10 0.000549
10 0.000552
10 0.00056
10 0.000562
10 0.000577
10 0.000578
10 0.000609
10 0.000676
10 0.000843
100 0.002565
100 0.002903
100 0.003081
100 0.003184
100 0.003494
100 0.003504
100 0.003558
100 0.003568
100 0.003673
100 0.003989
100 0.004095
100 0.004121
100 0.004145
100 0.004162
100 0.004318
100 0.004404
100 0.004484
100 0.004694
100 0.004721
100 0.004774
100 0.005127
100 0.005445
100 0.005533
100 0.006182
1000 0.014059
1000 0.016502
1000 0.021878
1000 0.024645
1000 0.026223
1000 0.03026
1000 0.031175
1000 0.031922
1000 0.032686
1000 0.033289
1000 0.034175
100 0.036662
1000 0.037129
1000 0.040616
1000 0.041029
1000 0.041458
1000 0.042315
1000 0.042671
1000 0.043737
1000 0.045448
1000 0.047578
1000 0.049281
1000 0.049638
1000 0.051149
1000 0.051384
1000 0.052848
